01 35000 001-081  11  001
01 35000 082-100  90
01 35000 101      10  101
01 35000 102-109  90
01 35000 110-145  91  110
01 35000 146-149  90
01 35000 150-199  12  150
01 35000 200-203  20  200
01 35000 204-209  90
01 35000 210-211  21  210
01 35000 212-214  90
01 35000 215      22  215
01 35000 216-219  90
01 35000 220      23  220
01 35000 221-229  90
01 35000 230      24  230
01 35000 231      25  231
01 35000 232-231  90
01 35000 232      26  232
01 35000 233-234  90
01 35000 235-236  27  235
01 35000 237-239  90
01 35000 240-245  28  240
01 35000 246-249  90
01 35000 250-251  29  250
01 35000 252-299  90
*01 35000 300-312  30  300
01 35000 330-331  31  330
01 35000 350-352  35  350
01 35000 353-354  90
01 35000 355      36  355
01 35000 356-359  90
01 35000 360      37  360
01 35000 400-404  43  400
01 35000 410      44  410
01 35000 411-410  90
01 35000 411      43  411
01 35000 420-421  41  420
01 35000 430-431  42  430
01 35000 450-452  40  450
01 35000 500-502  50  500
01 35000 510-511  51  510
01 35000 512-511  90
01 35000 512      52  512
01 35000 513-514  90
01 35000 515      53  515
01 35000 520-521  54  520
01 35000 530-535  55  530
01 35000 540-543  56  540
01 35000 550-552  57  550
01 35000 560-562  58  560
01 35000 600      60  600
01 35000 601      62  601
01 35000 602-601  90
01 35000 602      63  602
01 35000 604-605  62  604
01 35000 606      68  606
01 35000 607      63  607
01 35000 608      64  608
01 35000 609      66  609
01 35000 610-611  70  610
01 35000 612-614  71  612
01 35000 626-628  65  626
01 35000 629      90
01 35000 630      61  630
01 35000 642      64  642
01 35000 643      67  643
01 35000 644-643  90
01 35000 644      64  644
01 35000 645-658  90
01 35000 659      63  659
01 35000 660-669  90
01 35000 670      72  670
01 35000 675-677  76  675
01 35000 680      73  680
01 35000 681      74  681
01 35000 682-683  75  682
01 35000 684-699  90
01 35000 700      80  700
01 35000 701-709  90
01 35000 710-720  81  710
01 35000 730-735  82  730
01 35000 736-749  90
01 35000 750      85  750
01 35000  90 90
01 35000 850-853  95  850
01 35000 870-882  96  870
01 35000 950-959  41  950
01 35000 990      60  990
01 35000 991      80  991
01 35000 992      40  992
01 35000 993      59  993
01 35000 994      27  994
01 35000 995      11  995
01 35000 996      59  996
01 35000 997-996  90
01 35000 997      27  997
01 35000 998-999  90
01 35001 999      41  999
01 35001 1000-099  90
01 35001  90 90
01 35001 250-254  50  250
01 35001 255-299  90
01 35001 300      25  300
01 35001 301-349  90
01 35001 350      30  350
01 35001 351-399  90
01 35001 400      40  400
01 35001 401-439  90
01 35001 440      44  440
01 35001 441-449  90
01 35001  90 90
01 35001  90 90
01 35004  90 90
01 35004  90 90
01 35004 100      50  100
01 35004 101-149  90
01 35004  90 90
01 35004  90 90
01 35004 200-400  50  200
01 35004 401-439  90
01 35004 440      44  440
01 35004 441-449  90
01 35004 450-600  50  450
01 35004 601-999  90
01 35007 450-650  50  450
01 35007 651-099  90
01 35007  90 90
01 35007 250-252  50  250
01 35007 253-299  90
01 35007 300      25  300
01 35007 301-349  90
01 35007 350      30  350
01 35007 351-399  90
01 35007 400      40  400
01 35007 401-439  90
01 35007 440      44  440
01 35007 441-449  90
01 35007  90 90
01 35007  90 90
01 35012  90 90
01 35012 250-400  50  250
01 35012 401-439  90
01 35012 440      44  440
01 35012 441-449  90
01 35012  90 90
01 35012  90 90
01 35015  90 90
01 35015 250-400  50  250
01 35015 401-439  90
01 35015 440      44  440
01 35015 441-449  90
01 35015  90 90
01 35015  90 90
01 35016  90 90
01 35016 250-251  50  250
01 35016 252-299  90
01 35016 300      25  300
01 35016 301-349  90
01 35016 350      30  350
01 35016 351-399  90
01 35016 400      40  400
01 35016 401-439  90
01 35016 440      44  440
01 35016 441-449  90
01 35016  90 90
01 35016  90 90
01 35017  90 90
01 35017 250-251  50  250
01 35017 252-299  90
01 35017 300      25  300
01 35017 301-349  90
01 35017 350      30  350
01 35017 351-399  90
01 35017 400      40  400
01 35017 401-439  90
01 35017 440      44  440
01 35017 441-449  90
01 35017  90 90
01 35017  90 90
01 35018  90 90
01 35018 250-252  50  250
01 35018 253-299  90
01 35018 300      25  300
01 35018 301-349  90
01 35018 350      30  350
01 35018 351-399  90
01 35018 400      40  400
01 35018 401-439  90
01 35018 440      44  440
01 35018 441-449  90
01 35018  90 90
01 35018  90 90
01 35019  90 90
01 35019 250-252  50  250
01 35019 253-299  90
01 35019 300      25  300
01 35019 301-349  90
01 35019 350      30  350
01 35019 351-399  90
01 35019 400      40  400
01 35019 401-439  90
01 35019 440      44  440
01 35019 441-449  90
01 35019  90 90
01 35019  90 90
01 35020  90 90
01 35020 250-251  50  250
01 35020 252-299  90
01 35020 300      25  300
01 35020 301-349  90
01 35020 350      30  350
01 35020 351-399  90
01 35020 400      40  400
01 35020 401-439  90
01 35020 440      44  440
01 35020 441-449  90
01 35020  90 90
01 35020  90 90
01 35021  90 90
01 35021  90 90
01 35021 100      50  100
01 35021 101-149  90
01 35021  90 90
01 35021  90 90
01 35021 200-600  50  200
01 35021 601-999  90
01 35022 200-650  50  200
01 35022 651-099  90
01 35022  90 90
01 35022 250-400  50  250
01 35022 401-439  90
01 35022 440      44  440
01 35022 441-449  90
01 35022  90 90
01 35022  90 90
01 35026  90 90
01 35026 250-253  50  250
01 35026 254-299  90
01 35026 300      25  300
01 35026 301-349  90
01 35026 350      30  350
01 35026 351-399  90
01 35026 400      40  400
01 35026 401-439  90
01 35026 440      44  440
01 35026 441-449  90
01 35026  90 90
01 35026  90 90
01 35027  90 90
01 35027 250-252  50  250
01 35027 253-299  90
01 35027 300      25  300
01 35027 301-349  90
01 35027 350      30  350
01 35027 351-399  90
01 35027 400      40  400
01 35027 401-439  90
01 35027 440      44  440
01 35027 441-449  90
01 35027  90 90
01 35027  90 90
01 35029  90 90
01 35029 250-400  50  250
01 35029 401-439  90
01 35029 440      44  440
01 35029 441-449  90
01 35029  90 90
01 35029  90 90
01 35030  90 90
01 35030 250-400  50  250
01 35030 401-439  90
01 35030 440      44  440
01 35030 441-449  90
01 35030  90 90
01 35030  90 90
01 35030 550-600  50  550
01 35030 601-999  90
01 35034  90 90
01 35034 250-300  25  250
01 35034 301-349  90
01 35034 350      30  350
01 35034 351-399  90
01 35034 400      40  400
01 35034 401-439  90
01 35034 440      44  440
01 35034 441-449  90
01 35034  90 90
01 35034  90 90
01 35039  90 90
01 35039  90 90
01 35039 150      92  150
01 35039 151-199  90
01 35039  90 90
01 35039 250      50  250
01 35039 251-250  90
01 35039 251-254  80  251
01 35039 255-254  90
01 35039 255      51  255
01 35039 256      81  256
01 35039 257      52  257
01 35039 258-257  90
01 35039 258      81  258
01 35039 259-299  90
01 35039 300      25  300
01 35039 301-349  90
01 35039 350      30  350
01 35039 351-399  90
01 35039 400      40  400
01 35039 401-439  90
01 35039 440      44  440
01 35039 441-449  90
01 35039  90 90
01 35039  90 90
01 35039 550      15  550
01 35039 551-599  90
01 35039 600      16  600
01 35039 601-999  90
01 35047 650      95  650
01 35047 651-099  90
01 35047 100      50  100
01 35047 101-149  90
01 35047  90 90
01 35047  90 90
01 35047 200-600  50  200
01 35047 601-999  90
01 35049 200-650  50  200
01 35049 651-099  90
01 35049  90 90
01 35049 250-253  50  250
01 35049 254-299  90
01 35049 300      25  300
01 35049 301-349  90
01 35049 350      30  350
01 35049 351-399  90
01 35049 400      40  400
01 35049 401-439  90
01 35049 440      44  440
01 35049 441-449  90
01 35049  90 90
01 35049  90 90
01 35051  90 90
01 35051 250-251  50  250
01 35051 252-299  90
01 35051 300      25  300
01 35051 301-349  90
01 35051 350      30  350
01 35051 351-399  90
01 35051 400      40  400
01 35051 401-439  90
01 35051 440      44  440
01 35051 441-449  90
01 35051  90 90
01 35051  90 90
01 35052  90 90
01 35052 250-254  50  250
01 35052 255-299  90
01 35052 300      25  300
01 35052 301-349  90
01 35052 350      30  350
01 35052 351-399  90
01 35052 400      40  400
01 35052 401-439  90
01 35052 440      44  440
01 35052 441-449  90
01 35052  90 90
01 35052  90 90
01 35053  90 90
01 35053 250-255  50  250
01 35053 256-299  90
01 35053 300      25  300
01 35053 301-349  90
01 35053 350      30  350
01 35053 351-399  90
01 35053 400      40  400
01 35053 401-439  90
01 35053 440      44  440
01 35053 441-449  90
01 35053  90 90
01 35053  90 90
01 35055  90 90
01 35055 250-405  50  250
01 35055 406-449  90
01 35055  90 90
01 35055  90 90
01 35056  90 90
01 35056 250      50  250
01 35056 251      51  251
01 35056 252      52  252
01 35056 253-252  90
01 35056 253      53  253
01 35056 254-299  90
01 35056 300      25  300
01 35056 301-349  90
01 35056 350      30  350
01 35056 351-399  90
01 35056 400      40  400
01 35056 401-439  90
01 35056 440      44  440
01 35056 441-449  90
01 35056  90 90
01 35056  90 90
01 35060  90 90
01 35060 250      50  250
01 35060 251      51  251
01 35060 252      52  252
01 35060 253-252  90
01 35060 253      53  253
01 35060 254-299  90
01 35060 300      25  300
01 35060 301-349  90
01 35060 350      30  350
01 35060 351-399  90
01 35060 400      40  400
01 35060 401-439  90
01 35060 440      44  440
01 35060 441-449  90
01 35060  90 90
01 35060  90 90
01 35062  90 90
01 35062 250-251  50  250
01 35062 252-299  90
01 35062 300      25  300
01 35062 301-349  90
01 35062 350      30  350
01 35062 351-399  90
01 35062 400      40  400
01 35062 401-439  90
01 35062 440      44  440
01 35062 441-449  90
01 35062  90 90
01 35062  90 90
01 35063  90 90
01 35063 250      50  250
01 35063 251-253  51  251
01 35063 254-257  52  254
01 35063 258      53  258
01 35063 259-260  52  259
01 35063 261-260  90
01 35063 261      51  261
01 35063 262-299  90
01 35063 300      25  300
01 35063 350-440  53  350
01 35063 441-449  90
01 35063  90 90
01 35063  90 90
01 35063 550-600  50  550
01 35063 601-999  90
01 35064  90 90
01 35064 250      50  250
01 35064 251      51  251
01 35064 252-251  90
01 35064 252      52  252
01 35064 253-299  90
01 35064 300      25  300
01 35064 301-349  90
01 35064 350      30  350
01 35064 351-399  90
01 35064 400      40  400
01 35064 401-439  90
01 35064 440      44  440
01 35064 441-449  90
01 35064  90 90
01 35064  90 90
01 35065  90 90
01 35065 250      50  250
01 35065 251      51  251
01 35065 252      52  252
01 35065 253      53  253
01 35065 254-253  90
01 35065 254      54  254
01 35065 255-299  90
01 35065 300      25  300
01 35065 301-349  90
01 35065 350      30  350
01 35065 351-399  90
01 35065 400      40  400
01 35065 401-439  90
01 35065 440      44  440
01 35065 441-449  90
01 35065  90 90
01 35065  90 90
01 35066  90 90
01 35066 250-251  50  250
01 35066 252-299  90
01 35066 300      25  300
01 35066 301-349  90
01 35066 350      30  350
01 35066 351-399  90
01 35066 400      40  400
01 35066 401-439  90
01 35066 440      44  440
01 35066 441-449  90
01 35066  90 90
01 35066  90 90
01 35069  90 90
01 35069  90 90
01 35069 100      50  100
01 35069 101-149  90
01 35069  90 90
01 35069  90 90
01 35069 200-253  50  200
01 35069 254-299  90
01 35069 300      25  300
01 35069 350-352  50  350
01 35069 353-399  90
01 35069 400      40  400
01 35069 401-439  90
01 35069 440      44  440
01 35069 441-449  90
01 35069  90 90
01 35069  90 90
01 35069 550-600  50  550
01 35069 601-999  90
01 35071 550-650  50  550
01 35071 651-099  90
01 35071  90 90
01 35071 250-252  50  250
01 35071 253-299  90
01 35071 300      25  300
01 35071 301-349  90
01 35071 350      30  350
01 35071 351-399  90
01 35071 400      40  400
01 35071 401-439  90
01 35071 440      44  440
01 35071 441-449  90
01 35071  90 90
01 35071  90 90
01 35096  90 90
01 35096 250      50  250
01 35096 251      51  251
01 35096 252-251  90
01 35096 252      52  252
01 35096 253-299  90
01 35096 300      25  300
01 35096 301-349  90
01 35096 350      30  350
01 35096 351-399  90
01 35096 400      40  400
01 35096 401-439  90
01 35096 440      44  440
01 35096 441-449  90
01 35096  90 90
01 35096  90 90
01 35099  90 90
01 35099 250      50  250
01 35099 251      51  251
01 35099 252-251  90
01 35099 252      52  252
01 35099 253-299  90
01 35099 300      25  300
01 35099 301-349  90
01 35099 350      30  350
01 35099 351-399  90
01 35099 400      40  400
01 35099 401-439  90
01 35099 440      44  440
01 35099 441-449  90
01 35099  90 90
01 35099  90 90
01 35100  90 90
01 35100 110-145  91  110
01 35100 150-198  12  150
01 35100 199-999  90
01 35101 150-199  12  150
01 35101 200-999  90
01 35160  90 90
01 35160  90 90
01 35210  90 90
01 35210  90 90
01 35240  90 90
01 35240  90 90
01 35260  90 90
01 35260  90 90
01 35290  90 90
01 35290  90 90
01 35310  90 90
01 35310  90 90
01 35322  90 90
01 35322  90 90
01 35624  90 90
01 35624  90 90
01 35631  90 90
01 35631  90 90
01 35633  90 90
01 35633  90 90
01 35636  90 90
01 35636  90 90
01 35900  90 90
01 35900  90 90
01 35901  90 90
01 35901  90 90
01 35910  90 90
01 35910  90 90
01 35912  90 90
01 35912  90 90
01 35912  90 90
